format long;
x= 37.82338698193422 + (37.92105200814699-37.82338698193422) *rand(560,1);
y= 32.42483626808257 +(32.54176419841556 - 32.42483626808257)*rand(560,1);
konumlar=[x,y];
okul=[37.87066009776768,32.43711828285384];
konumlar=[okul;konumlar];



